11 11
1.000000 0.200000
0.000000
0.000000 0.000000 0.000000 0.000000 0.000000 0.000000 0.000000 0.000000 1.000000 0.000000 0.000000
0.000000 0.000000 0.000000 0.000000 0.000000 0.000000 0.000000 0.000000 0.000000 0.000000 1.000000
0.000000 0.000000 0.000000 0.000000 0.000000 0.000000 0.000000 0.000000 0.000000 0.000000 0.000000
0.000000 1.000000 0.000000 0.000000 0.000000 0.000000 0.000000 1.000000 0.000000 0.000000 0.000000
0.000000 0.000000 0.000000 0.000000 0.000000 1.000000 0.000000 0.000000 0.000000 0.000000 0.000000
0.000000 0.000000 0.000000 0.000000 1.000000 0.000000 0.000000 0.000000 0.000000 1.000000 0.000000
0.000000 0.000000 0.000000 0.000000 0.000000 0.000000 1.000000 0.000000 0.000000 0.000000 0.000000
0.000000 0.000000 0.000000 0.000000 0.000000 0.000000 1.000000 1.000000 0.000000 0.000000 0.000000
0.000000 0.000000 0.000000 0.000000 0.000000 0.000000 0.000000 0.000000 0.000000 0.000000 0.000000
0.000000 0.000000 0.000000 0.000000 0.000000 0.000000 0.000000 0.000000 0.000000 0.000000 0.000000
0.000000 1.000000 0.000000 0.000000 1.000000 0.000000 0.000000 0.000000 0.000000 0.000000 0.000000
0.002000
0.000000 0.000000 0.000000 0.000000 0.000000 0.000000 0.000000 0.000000 0.000000 0.000000 0.000000
0.000000 0.000000 0.000000 0.000000 0.000000 0.000000 0.000000 0.000000 0.200000 0.200000 0.000000
0.000000 0.200000 0.000000 0.000000 0.000000 0.000000 0.000000 0.200000 0.000000 0.000000 0.000000
0.000000 0.200000 0.200000 0.000000 0.000000 0.200000 0.200000 0.200000 0.200000 0.000000 0.000000
0.000000 0.200000 0.000000 0.000000 0.400000 0.200000 0.200000 0.200000 0.000000 0.200000 0.000000
0.000000 0.000000 0.000000 0.200000 0.200000 0.400000 0.200000 0.000000 0.200000 0.200000 0.000000
0.000000 0.000000 0.000000 0.000000 0.200000 0.200000 0.400000 0.400000 0.000000 0.200000 0.000000
0.000000 0.000000 0.000000 0.000000 0.000000 0.200000 0.600000 0.400000 0.200000 0.000000 0.000000
0.000000 0.000000 0.000000 0.000000 0.000000 0.000000 0.200000 0.200000 0.000000 0.000000 0.000000
0.000000 0.200000 0.000000 0.000000 0.200000 0.000000 0.000000 0.000000 0.000000 0.000000 0.000000
0.000000 0.000000 0.000000 0.000000 0.000000 0.000000 0.000000 0.000000 0.000000 0.000000 0.000000
0.004000
0.000000 0.000000 0.000000 0.000000 0.000000 0.000000 0.000000 0.000000 0.000000 0.000000 0.000000
0.000000 0.040000 0.000000 0.000000 0.000000 0.000000 0.000000 0.080000 0.080000 0.080000 0.000000
0.000000 0.080000 0.080000 0.000000 0.000000 0.040000 0.080000 0.080000 0.120000 0.040000 0.000000
0.000000 0.160000 0.080000 0.040000 0.120000 0.120000 0.160000 0.200000 0.080000 0.080000 0.000000
0.000000 0.080000 0.080000 0.120000 0.160000 0.280000 0.200000 0.120000 0.160000 0.080000 0.000000
0.000000 0.040000 0.040000 0.080000 0.280000 0.240000 0.240000 0.200000 0.080000 0.160000 0.000000
0.000000 0.000000 0.000000 0.080000 0.120000 0.280000 0.360000 0.240000 0.200000 0.080000 0.000000
0.000000 0.000000 0.000000 0.000000 0.080000 0.200000 0.360000 0.360000 0.120000 0.080000 0.000000
0.000000 0.040000 0.000000 0.000000 0.040000 0.080000 0.200000 0.160000 0.080000 0.000000 0.000000
0.000000 0.040000 0.040000 0.040000 0.040000 0.040000 0.040000 0.040000 0.000000 0.000000 0.000000
0.000000 0.000000 0.000000 0.000000 0.000000 0.000000 0.000000 0.000000 0.000000 0.000000 0.000000
0.006000
0.000000 0.000000 0.000000 0.000000 0.000000 0.000000 0.000000 0.000000 0.000000 0.000000 0.000000
0.000000 0.024000 0.024000 0.000000 0.000000 0.008000 0.032000 0.048000 0.072000 0.040000 0.000000
0.000000 0.072000 0.048000 0.024000 0.032000 0.048000 0.072000 0.112000 0.080000 0.064000 0.000000
0.000000 0.080000 0.088000 0.072000 0.088000 0.144000 0.152000 0.128000 0.128000 0.056000 0.000000
0.000000 0.072000 0.080000 0.096000 0.192000 0.200000 0.200000 0.176000 0.104000 0.096000 0.000000
0.000000 0.032000 0.048000 0.120000 0.176000 0.264000 0.248000 0.176000 0.160000 0.080000 0.000000
0.000000 0.008000 0.024000 0.056000 0.168000 0.240000 0.296000 0.272000 0.144000 0.104000 0.000000
0.000000 0.008000 0.000000 0.032000 0.088000 0.200000 0.296000 0.248000 0.168000 0.056000 0.000000
0.000000 0.016000 0.016000 0.016000 0.048000 0.112000 0.168000 0.168000 0.072000 0.032000 0.000000
0.000000 0.024000 0.024000 0.024000 0.032000 0.040000 0.064000 0.048000 0.024000 0.000000 0.000000
0.000000 0.000000 0.000000 0.000000 0.000000 0.000000 0.000000 0.000000 0.000000 0.000000 0.000000
0.008000
0.000000 0.000000 0.000000 0.000000 0.000000 0.000000 0.000000 0.000000 0.000000 0.000000 0.000000
0.000000 0.024000 0.019200 0.009600 0.008000 0.017600 0.032000 0.052800 0.048000 0.035200 0.000000
0.000000 0.044800 0.051200 0.035200 0.038400 0.060800 0.083200 0.088000 0.091200 0.048000 0.000000
0.000000 0.062400 0.073600 0.073600 0.105600 0.126400 0.139200 0.139200 0.099200 0.068800 0.000000
0.000000 0.052800 0.076800 0.112000 0.150400 0.200000 0.195200 0.156800 0.132800 0.067200 0.000000
0.000000 0.032000 0.060800 0.099200 0.184000 0.225600 0.236800 0.206400 0.132800 0.088000 0.000000
0.000000 0.014400 0.027200 0.080000 0.145600 0.233600 0.270400 0.227200 0.169600 0.076800 0.000000
0.000000 0.006400 0.016000 0.038400 0.107200 0.187200 0.241600 0.230400 0.137600 0.072000 0.000000
0.000000 0.012800 0.014400 0.027200 0.059200 0.113600 0.161600 0.140800 0.092800 0.032000 0.000000
0.000000 0.012800 0.017600 0.019200 0.028800 0.049600 0.064000 0.060800 0.028800 0.011200 0.000000
0.000000 0.000000 0.000000 0.000000 0.000000 0.000000 0.000000 0.000000 0.000000 0.000000 0.000000
0.010000
0.000000 0.000000 0.000000 0.000000 0.000000 0.000000 0.000000 0.000000 0.000000 0.000000 0.000000
0.000000 0.017600 0.020800 0.014400 0.014720 0.023680 0.037120 0.044160 0.045440 0.026240 0.000000
0.000000 0.036480 0.044800 0.041600 0.049600 0.065280 0.080640 0.090880 0.074880 0.048640 0.000000
0.000000 0.046720 0.067520 0.080000 0.098880 0.126400 0.136640 0.124480 0.106240 0.056640 0.000000
0.000000 0.044800 0.075200 0.102400 0.150400 0.179520 0.185600 0.166080 0.117760 0.071360 0.000000
0.000000 0.032000 0.059200 0.107200 0.160960 0.216000 0.226880 0.192000 0.145920 0.072960 0.000000
0.000000 0.016000 0.039680 0.078080 0.150080 0.212480 0.241920 0.220800 0.148800 0.081280 0.000000
0.000000 0.009920 0.020480 0.053760 0.107520 0.176640 0.218240 0.195520 0.140480 0.063680 0.000000
0.000000 0.009280 0.017600 0.031680 0.067200 0.114240 0.144320 0.137280 0.086400 0.041600 0.000000
0.000000 0.008640 0.012800 0.018560 0.031360 0.051200 0.067200 0.058880 0.038720 0.014400 0.000000
0.000000 0.000000 0.000000 0.000000 0.000000 0.000000 0.000000 0.000000 0.000000 0.000000 0.000000
0.012000
0.000000 0.000000 0.000000 0.000000 0.000000 0.000000 0.000000 0.000000 0.000000 0.000000 0.000000
0.000000 0.014976 0.019520 0.018304 0.020480 0.028160 0.037120 0.043520 0.038144 0.024064 0.000000
0.000000 0.029120 0.042240 0.046080 0.054016 0.069120 0.082112 0.083008 0.073216 0.041280 0.000000
0.000000 0.039104 0.062848 0.078080 0.101056 0.121344 0.130752 0.124864 0.096000 0.056576 0.000000
0.000000 0.039744 0.069824 0.103040 0.138432 0.171584 0.178944 0.157184 0.121472 0.063744 0.000000
0.000000 0.030400 0.062656 0.101568 0.156928 0.199168 0.212480 0.190336 0.135488 0.074304 0.000000
0.000000 0.019520 0.042688 0.085760 0.141824 0.199424 0.224064 0.199808 0.147456 0.073344 0.000000
0.000000 0.011136 0.028288 0.058304 0.111040 0.165824 0.195328 0.182464 0.126976 0.065408 0.000000
0.000000 0.009088 0.018368 0.037760 0.070400 0.110720 0.136256 0.124480 0.088896 0.041216 0.000000
0.000000 0.006144 0.011520 0.018880 0.033664 0.052800 0.064320 0.060416 0.039680 0.018944 0.000000
0.000000 0.000000 0.000000 0.000000 0.000000 0.000000 0.000000 0.000000 0.000000 0.000000 0.000000
0.014000
0.000000 0.000000 0.000000 0.000000 0.000000 0.000000 0.000000 0.000000 0.000000 0.000000 0.000000
0.000000 0.012723 0.019008 0.020877 0.024192 0.030976 0.038182 0.040358 0.035789 0.020698 0.000000
0.000000 0.025088 0.039962 0.047744 0.058150 0.070950 0.080422 0.081344 0.066330 0.039027 0.000000
0.000000 0.034163 0.058419 0.078221 0.098586 0.118771 0.127603 0.118362 0.094426 0.051520 0.000000
0.000000 0.035814 0.067622 0.098189 0.134208 0.161894 0.170189 0.154560 0.114778 0.063219 0.000000
0.000000 0.030464 0.061427 0.101990 0.147584 0.187917 0.200998 0.179059 0.133811 0.069376 0.000000
0.000000 0.020749 0.047782 0.086029 0.138995 0.186061 0.206221 0.188826 0.136614 0.072102 0.000000
0.000000 0.013606 0.031757 0.064230 0.109478 0.156467 0.180787 0.165811 0.122240 0.061389 0.000000
0.000000 0.008947 0.021005 0.040742 0.072717 0.107200 0.126221 0.118502 0.084250 0.042893 0.000000
0.000000 0.005350 0.010982 0.020365 0.035149 0.052301 0.062758 0.057779 0.041587 0.019968 0.000000
0.000000 0.000000 0.000000 0.000000 0.000000 0.000000 0.000000 0.000000 0.000000 0.000000 0.000000
0.016000
0.000000 0.000000 0.000000 0.000000 0.000000 0.000000 0.000000 0.000000 0.000000 0.000000 0.000000
0.000000 0.011364 0.018514 0.022364 0.026839 0.032860 0.037988 0.039135 0.032635 0.019103 0.000000
0.000000 0.022387 0.038044 0.048991 0.059924 0.071854 0.079700 0.077363 0.063383 0.035515 0.000000
0.000000 0.030697 0.055677 0.076232 0.097587 0.115561 0.123069 0.115259 0.089083 0.049638 0.000000
0.000000 0.033613 0.064294 0.096046 0.128092 0.154596 0.163049 0.147389 0.112159 0.059779 0.000000
0.000000 0.029691 0.061857 0.099044 0.142139 0.176891 0.188877 0.171451 0.126728 0.067702 0.000000
0.000000 0.022520 0.049549 0.087805 0.133629 0.175132 0.192579 0.175306 0.130719 0.067896 0.000000
0.000000 0.015012 0.035676 0.066447 0.108378 0.147999 0.167101 0.155233 0.114061 0.059725 0.000000
0.000000 0.009782 0.022687 0.043812 0.073057 0.102981 0.119094 0.110513 0.081894 0.041700 0.000000
0.000000 0.005056 0.011540 0.021448 0.036106 0.051482 0.059812 0.056125 0.040717 0.020890 0.000000
0.000000 0.000000 0.000000 0.000000 0.000000 0.000000 0.000000 0.000000 0.000000 0.000000 0.000000
0.018000
0.000000 0.000000 0.000000 0.000000 0.000000 0.000000 0.000000 0.000000 0.000000 0.000000 0.000000
0.000000 0.010453 0.018057 0.023342 0.028398 0.033908 0.037937 0.037424 0.030851 0.017450 0.000000
0.000000 0.020498 0.036723 0.049111 0.061039 0.071980 0.077995 0.074968 0.059596 0.033528 0.000000
0.000000 0.028475 0.052989 0.074907 0.095479 0.112534 0.119328 0.110433 0.085904 0.046803 0.000000
0.000000 0.031659 0.062298 0.092742 0.123692 0.147638 0.155396 0.141861 0.107027 0.057855 0.000000
0.000000 0.029536 0.060887 0.097378 0.135959 0.167527 0.178569 0.161950 0.121752 0.064421 0.000000
0.000000 0.023354 0.051482 0.087295 0.129417 0.165246 0.179799 0.165058 0.122942 0.065208 0.000000
0.000000 0.016598 0.037874 0.068424 0.105902 0.140318 0.156401 0.144443 0.108326 0.056676 0.000000
0.000000 0.010507 0.024699 0.045490 0.072867 0.098922 0.111900 0.104572 0.077777 0.040842 0.000000
0.000000 0.005276 0.012146 0.022581 0.036419 0.050076 0.057303 0.053433 0.039925 0.020661 0.000000
0.000000 0.000000 0.000000 0.000000 0.000000 0.000000 0.000000 0.000000 0.000000 0.000000 0.000000
0.020000
0.000000 0.000000 0.000000 0.000000 0.000000 0.000000 0.000000 0.000000 0.000000 0.000000 0.000000
0.000000 0.009802 0.017715 0.023781 0.029337 0.034444 0.037453 0.036236 0.029064 0.016366 0.000000
0.000000 0.019230 0.035476 0.049024 0.061201 0.071491 0.076441 0.072083 0.056969 0.031475 0.000000
0.000000 0.026724 0.051078 0.073046 0.093530 0.109392 0.115137 0.106499 0.081953 0.044818 0.000000
0.000000 0.030394 0.060115 0.090203 0.119102 0.141357 0.148558 0.135334 0.102880 0.055221 0.000000
0.000000 0.029087 0.060316 0.094852 0.130795 0.158988 0.168648 0.153838 0.115618 0.061847 0.000000
0.000000 0.024194 0.052178 0.086799 0.124764 0.156461 0.169015 0.154838 0.116657 0.061849 0.000000
0.000000 0.017667 0.039815 0.068997 0.103385 0.133358 0.146572 0.135760 0.102033 0.054211 0.000000
0.000000 0.011416 0.026143 0.046812 0.071920 0.094817 0.105820 0.098425 0.074288 0.039191 0.000000
0.000000 0.005586 0.012940 0.023327 0.036389 0.048544 0.054542 0.051047 0.038359 0.020286 0.000000
0.000000 0.000000 0.000000 0.000000 0.000000 0.000000 0.000000 0.000000 0.000000 0.000000 0.000000
