6 6
1.000000 0.200000
0.000000
0.000000 0.000000 0.000000 0.000000 0.000000 0.000000
0.000000 0.000000 0.000000 1.000000 0.000000 0.000000
0.000000 0.000000 0.000000 0.000000 0.000000 0.000000
0.000000 0.000000 0.000000 0.000000 0.000000 0.000000
0.000000 0.000000 0.000000 0.000000 0.000000 1.000000
0.000000 0.000000 1.000000 0.000000 0.000000 0.000000
0.008000
0.000000 0.000000 0.000000 0.000000 0.000000 0.000000
0.000000 0.000000 0.200000 0.200000 0.200000 0.000000
0.000000 0.000000 0.000000 0.200000 0.000000 0.000000
0.000000 0.000000 0.000000 0.000000 0.000000 0.000000
0.000000 0.000000 0.200000 0.000000 0.200000 0.000000
0.000000 0.000000 0.000000 0.000000 0.000000 0.000000
0.016000
0.000000 0.000000 0.000000 0.000000 0.000000 0.000000
0.000000 0.040000 0.080000 0.160000 0.080000 0.000000
0.000000 0.000000 0.080000 0.080000 0.080000 0.000000
0.000000 0.000000 0.040000 0.040000 0.040000 0.000000
0.000000 0.040000 0.040000 0.080000 0.040000 0.000000
0.000000 0.000000 0.000000 0.000000 0.000000 0.000000
0.024000
0.000000 0.000000 0.000000 0.000000 0.000000 0.000000
0.000000 0.024000 0.072000 0.080000 0.064000 0.000000
0.000000 0.024000 0.056000 0.088000 0.056000 0.000000
0.000000 0.016000 0.040000 0.056000 0.040000 0.000000
0.000000 0.016000 0.040000 0.040000 0.032000 0.000000
0.000000 0.000000 0.000000 0.000000 0.000000 0.000000
