51 51
1.000000
0.017520
0.000000 0.000000 0.000000 0.000000 0.000000 0.000000 0.000000 0.000000 0.000000 0.000000 0.000000 0.000000 0.000000 0.000000 0.000000 0.000000 0.000000 0.000000 0.000000 0.000000 0.000000 0.000000 0.000000 0.000000 0.000000 0.000000 0.000000 0.000000 0.000000 0.000000 0.000000 0.000000 0.000000 0.000000 0.000000 0.000000 0.000000 0.000000 0.000000 0.000000 0.000000 0.000000 0.000000 0.000000 0.000000 0.000000 0.000000 0.000000 0.000000 0.000000 0.000000
0.000000 0.002333 0.004711 0.007178 0.009774 0.012532 0.015480 0.018636 0.022010 0.025598 0.029389 0.033359 0.037474 0.041690 0.045953 0.050202 0.054372 0.058394 0.062194 0.065705 0.068857 0.071589 0.073846 0.075581 0.076758 0.077353 0.077352 0.076757 0.075578 0.073842 0.071583 0.068847 0.065690 0.062173 0.058362 0.054327 0.050139 0.045864 0.041568 0.037308 0.033135 0.029091 0.025205 0.021498 0.017979 0.014645 0.011482 0.008470 0.005577 0.002767 0.000000
0.000000 0.004711 0.009514 0.014496 0.019737 0.025308 0.031261 0.037634 0.044445 0.051691 0.059346 0.067363 0.075671 0.084183 0.092790 0.101370 0.109790 0.117909 0.125583 0.132671 0.139036 0.144552 0.149108 0.152611 0.154988 0.156188 0.156187 0.154985 0.152606 0.149099 0.144538 0.139015 0.132641 0.125539 0.117845 0.109699 0.101241 0.092611 0.083936 0.075335 0.066910 0.058743 0.050897 0.043413 0.036306 0.029573 0.023187 0.017103 0.011261 0.005587 0.000000
0.000000 0.007178 0.014496 0.022087 0.030073 0.038559 0.047629 0.057338 0.067714 0.078753 0.090414 0.102626 0.115283 0.128248 0.141359 0.154428 0.167254 0.179621 0.191310 0.202106 0.211800 0.220203 0.227143 0.232478 0.236098 0.237927 0.237926 0.236094 0.232470 0.227129 0.220182 0.211769 0.202060 0.191243 0.179523 0.167115 0.154232 0.141085 0.127871 0.114770 0.101935 0.089495 0.077543 0.066141 0.055315 0.045057 0.035328 0.026059 0.017158 0.008513 0.000000
0.000000 0.009774 0.019737 0.030073 0.040946 0.052500 0.064847 0.078065 0.092190 0.107216 0.123090 0.139712 0.156940 0.174587 0.192432 0.210221 0.227677 0.244509 0.260419 0.275112 0.288307 0.299742 0.309188 0.316449 0.321376 0.323865 0.323863 0.321370 0.316438 0.309169 0.299714 0.288264 0.275049 0.260327 0.244377 0.227488 0.209954 0.192060 0.174074 0.156241 0.138772 0.121838 0.105568 0.090047 0.075309 0.061344 0.048099 0.035480 0.023361 0.011591 0.000000
0.000000 0.012532 0.025308 0.038559 0.052500 0.067312 0.083141 0.100085 0.118193 0.137453 0.157800 0.179106 0.201187 0.223805 0.246676 0.269474 0.291847 0.313418 0.333808 0.352638 0.369548 0.384203 0.396307 0.405614 0.411928 0.415117 0.415115 0.411920 0.405599 0.396284 0.384166 0.369493 0.352557 0.333690 0.313248 0.291603 0.269132 0.246198 0.223147 0.200290 0.177899 0.156193 0.135339 0.115443 0.096551 0.078648 0.061668 0.045489 0.029952 0.014861 0.000000
0.000000 0.015480 0.031261 0.047629 0.064847 0.083141 0.102690 0.123615 0.145975 0.169759 0.194882 0.221189 0.248452 0.276378 0.304615 0.332762 0.360382 0.387014 0.412186 0.435432 0.456308 0.474399 0.489343 0.500832 0.508627 0.512564 0.512561 0.508617 0.500814 0.489314 0.474355 0.456240 0.435332 0.412040 0.386803 0.360081 0.332338 0.304024 0.275564 0.247343 0.219697 0.192896 0.167146 0.142577 0.119247 0.097138 0.076167 0.056186 0.036995 0.018356 0.000000
0.000000 0.018636 0.037634 0.057338 0.078065 0.100085 0.123615 0.148800 0.175711 0.204333 0.234567 0.266224 0.299029 0.332632 0.366608 0.400476 0.433708 0.465751 0.496037 0.524006 0.549122 0.570889 0.588868 0.602691 0.612069 0.616806 0.616803 0.612057 0.602669 0.588834 0.570835 0.549041 0.523886 0.495861 0.465497 0.433346 0.399964 0.365896 0.331651 0.297693 0.264425 0.232174 0.201186 0.171618 0.143539 0.116929 0.091687 0.067635 0.044535 0.022098 0.000000
0.000000 0.022010 0.044445 0.067714 0.092190 0.118193 0.145975 0.175711 0.207482 0.241273 0.276964 0.314333 0.353058 0.392722 0.432826 0.472801 0.512026 0.549845 0.585591 0.618602 0.648245 0.673936 0.695155 0.711469 0.722537 0.728128 0.728124 0.722523 0.711443 0.695114 0.673872 0.648149 0.618460 0.585383 0.549544 0.511597 0.472196 0.431983 0.391562 0.351478 0.312207 0.274135 0.237553 0.202646 0.169494 0.138076 0.108271 0.079870 0.052592 0.026096 0.000000
0.000000 0.025598 0.051691 0.078753 0.107216 0.137453 0.169759 0.204333 0.241273 0.280558 0.322051 0.365493 0.410510 0.456617 0.503234 0.549700 0.595293 0.639253 0.680801 0.719170 0.753624 0.783484 0.808147 0.827108 0.839973 0.846471 0.846466 0.839957 0.827079 0.808099 0.783410 0.753512 0.719004 0.680558 0.638902 0.594794 0.548996 0.502253 0.455266 0.408671 0.363019 0.318759 0.276229 0.235644 0.197100 0.160569 0.125911 0.092885 0.061162 0.030348 0.000000
0.000000 0.029389 0.059346 0.090414 0.123090 0.157800 0.194882 0.234567 0.276964 0.322051 0.369670 0.419524 0.471183 0.524091 0.577584 0.630902 0.683218 0.733658 0.781332 0.825356 0.864889 0.899149 0.927447 0.949202 0.963963 0.971419 0.971413 0.963944 0.949168 0.927392 0.899064 0.864760 0.825165 0.781052 0.733255 0.682644 0.630093 0.576456 0.522539 0.469069 0.416680 0.365887 0.317077 0.270498 0.226258 0.184327 0.144544 0.106632 0.070216 0.034841 0.000000
0.000000 0.033359 0.067363 0.102626 0.139712 0.179106 0.221189 0.266224 0.314333 0.365493 0.419524 0.476089 0.534699 0.594726 0.655414 0.715903 0.775253 0.832475 0.886557 0.936500 0.981346 1.020211 1.052312 1.076991 1.093735 1.102193 1.102187 1.093714 1.076952 1.052249 1.020114 0.981199 0.936282 0.886240 0.832017 0.774600 0.714982 0.654132 0.592962 0.532298 0.472858 0.415227 0.359844 0.306990 0.256788 0.209204 0.164055 0.121028 0.079696 0.039545 0.000000
0.000000 0.037474 0.075671 0.115283 0.156940 0.201187 0.248452 0.299029 0.353058 0.410510 0.471183 0.534699 0.600511 0.667911 0.736052 0.803968 0.870604 0.934850 0.995570 1.051642 1.101991 1.145626 1.181666 1.209373 1.228171 1.237667 1.237660 1.228148 1.209330 1.181595 1.145516 1.101826 1.051397 0.995213 0.934335 0.869870 0.802933 0.734610 0.665927 0.597811 0.531067 0.466353 0.404160 0.344805 0.288426 0.234983 0.184274 0.135946 0.089521 0.044420 0.000000
0.000000 0.041690 0.084183 0.128248 0.174587 0.223805 0.276378 0.332632 0.392722 0.456617 0.524091 0.594726 0.667911 0.742860 0.818632 0.894152 0.968248 1.039685 1.107201 1.169548 1.225531 1.274048 1.314121 1.344928 1.365830 1.376388 1.376380 1.365803 1.344879 1.314042 1.273926 1.225347 1.169275 1.106803 1.039111 0.967430 0.892999 0.817027 0.740651 0.664905 0.590683 0.518715 0.449549 0.383536 0.320831 0.261389 0.204986 0.151228 0.099585 0.049415 0.000000
0.000000 0.045953 0.092790 0.141359 0.192432 0.246676 0.304615 0.366608 0.432826 0.503234 0.577584 0.655414 0.736052 0.818632 0.902116 0.985322 1.066958 1.145663 1.220047 1.288736 1.350414 1.403865 1.448013 1.481953 1.504980 1.516612 1.516603 1.504952 1.481900 1.447926 1.403730 1.350210 1.288435 1.219608 1.145029 1.066055 0.984050 0.900345 0.816195 0.732736 0.650954 0.571654 0.495439 0.422697 0.353595 0.288089 0.225927 0.166680 0.109761 0.054464 0.000000
0.000000 0.050202 0.101370 0.154428 0.210221 0.269474 0.332762 0.400476 0.472801 0.549700 0.630902 0.715903 0.803968 0.894152 0.985322 1.076186 1.165336 1.251283 1.332511 1.407519 1.474871 1.533239 1.581448 1.618510 1.643655 1.656357 1.656347 1.643624 1.618452 1.581353 1.533092 1.474649 1.407190 1.332031 1.250590 1.164348 1.074796 0.983386 0.891488 0.800343 0.711028 0.624421 0.541180 0.461730 0.386255 0.314703 0.246802 0.182083 0.119905 0.059498 0.000000
0.000000 0.054372 0.109790 0.167254 0.227677 0.291847 0.360382 0.433708 0.512026 0.595293 0.683218 0.775253 0.870604 0.968248 1.066958 1.165336 1.261855 1.354907 1.442849 1.524056 1.596973 1.660165 1.712357 1.752481 1.779704 1.793456 1.793445 1.779670 1.752418 1.712254 1.660005 1.596732 1.523699 1.442328 1.354156 1.260785 1.163828 1.064860 0.965361 0.866676 0.769970 0.676195 0.586062 0.500031 0.418302 0.340818 0.267287 0.197198 0.129860 0.064438 0.000000
0.000000 0.058394 0.117909 0.179621 0.244509 0.313418 0.387014 0.465751 0.549845 0.639253 0.733658 0.832475 0.934850 1.039685 1.145663 1.251283 1.354907 1.454807 1.549221 1.636403 1.714686 1.782526 1.838559 1.881635 1.910860 1.925623 1.925611 1.910823 1.881566 1.838447 1.782354 1.714426 1.636019 1.548660 1.454000 1.353757 1.249663 1.143408 1.036582 0.930629 0.826799 0.726112 0.629335 0.536960 0.449201 0.365999 0.287038 0.211772 0.139458 0.069201 0.000000
0.000000 0.062194 0.125583 0.191310 0.260419 0.333808 0.412186 0.496037 0.585591 0.680801 0.781332 0.886557 0.995570 1.107201 1.220047 1.332511 1.442849 1.549221 1.649749 1.742578 1.825931 1.898165 1.957825 2.003691 2.034809 2.050527 2.050515 2.034769 2.003618 1.957707 1.897981 1.825654 1.742169 1.649152 1.548360 1.441622 1.330784 1.217644 1.103894 0.991072 0.880509 0.773291 0.670235 0.571863 0.478406 0.389798 0.305706 0.225547 0.148530 0.073704 0.000000
0.000000 0.065705 0.132671 0.202106 0.275112 0.352638 0.435432 0.524006 0.618602 0.719170 0.825356 0.936500 1.051642 1.169548 1.288736 1.407519 1.524056 1.636403 1.742578 1.840621 1.928655 2.004945 2.067956 2.116397 2.149262 2.165863 2.165850 2.149220 2.116320 2.067831 2.004751 1.928362 1.840189 1.741947 1.635493 1.522760 1.405694 1.286196 1.166053 1.046888 0.930108 0.816860 0.708004 0.604096 0.505376 0.411778 0.322946 0.238268 0.156909 0.077861 0.000000
0.000000 0.068857 0.139036 0.211800 0.288307 0.369548 0.456308 0.549122 0.648245 0.753624 0.864889 0.981346 1.101991 1.225531 1.350414 1.474871 1.596973 1.714686 1.825931 1.928655 2.020891 2.100824 2.166842 2.217595 2.252029 2.269423 2.269410 2.251986 2.217515 2.166711 2.100620 2.020585 1.928201 1.825269 1.713731 1.595614 1.472957 1.347750 1.221867 1.097008 0.974645 0.855982 0.741920 0.633040 0.529595 0.431514 0.338428 0.249692 0.164433 0.081595 0.000000
0.000000 0.071589 0.144552 0.220203 0.299742 0.384203 0.474399 0.570889 0.673936 0.783484 0.899149 1.020211 1.145626 1.274048 1.403865 1.533239 1.660165 1.782526 1.898165 2.004945 2.100824 2.183912 2.252537 2.305294 2.341088 2.359168 2.359154 2.341042 2.305210 2.252401 2.183700 2.100505 2.004473 1.897476 1.781534 1.658751 1.531249 1.401095 1.270238 1.140443 1.013243 0.889887 0.771313 0.658125 0.550584 0.448620 0.351845 0.259593 0.170953 0.084831 0.000000
0.000000 0.073846 0.149108 0.227143 0.309188 0.396307 0.489343 0.588868 0.695155 0.808147 0.927447 1.052312 1.181666 1.314121 1.448013 1.581448 1.712357 1.838559 1.957825 2.067956 2.166842 2.252537 2.323316 2.377727 2.414644 2.433291 2.433276 2.414597 2.377641 2.323174 2.252319 2.166513 2.067469 1.957115 1.837534 1.710899 1.579395 1.445155 1.310189 1.176319 1.045123 0.917891 0.795591 0.678844 0.567921 0.462748 0.362928 0.267771 0.176339 0.087504 0.000000
0.000000 0.075581 0.152611 0.232478 0.316449 0.405614 0.500832 0.602691 0.711469 0.827108 0.949202 1.076991 1.209373 1.344928 1.481953 1.618510 1.752481 1.881635 2.003691 2.116397 2.217595 2.305294 2.377727 2.433411 2.471190 2.490274 2.490259 2.471143 2.433322 2.377583 2.305070 2.217258 2.115898 2.002963 1.880586 1.750988 1.616408 1.479027 1.340903 1.203899 1.069632 0.939421 0.814255 0.694772 0.581249 0.473610 0.371448 0.274058 0.180480 0.089559 0.000000
0.000000 0.076758 0.154988 0.236098 0.321376 0.411928 0.508627 0.612069 0.722537 0.839973 0.963963 1.093735 1.228171 1.365830 1.504980 1.643655 1.779704 1.910860 2.034809 2.149262 2.252029 2.341088 2.414644 2.471190 2.509555 2.528935 2.528919 2.509507 2.471100 2.414497 2.340860 2.251687 2.148755 2.034070 1.909795 1.778187 1.641520 1.502009 1.361741 1.222612 1.086260 0.954028 0.826919 0.705580 0.590292 0.480980 0.377229 0.278323 0.183290 0.090953 0.000000
0.000000 0.077353 0.156188 0.237927 0.323865 0.415117 0.512564 0.616806 0.728128 0.846471 0.971419 1.102193 1.237667 1.376388 1.516612 1.656357 1.793456 1.925623 2.050527 2.165863 2.269423 2.359168 2.433291 2.490274 2.528935 2.548464 2.548448 2.528886 2.490183 2.433143 2.358939 2.269078 2.165353 2.049783 1.924549 1.791927 1.654205 1.513617 1.372268 1.232064 1.094660 0.961406 0.833315 0.711039 0.594860 0.484703 0.380149 0.280478 0.184709 0.091657 0.000000
0.000000 0.077352 0.156187 0.237926 0.323863 0.415115 0.512561 0.616803 0.728124 0.846466 0.971413 1.102187 1.237660 1.376380 1.516603 1.656347 1.793445 1.925611 2.050515 2.165850 2.269410 2.359154 2.433276 2.490259 2.528919 2.548448 2.548433 2.528871 2.490168 2.433128 2.358925 2.269065 2.165340 2.049770 1.924538 1.791916 1.654195 1.513608 1.372259 1.232057 1.094654 0.961401 0.833311 0.711035 0.594857 0.484700 0.380147 0.280477 0.184708 0.091657 0.000000
0.000000 0.076757 0.154985 0.236094 0.321370 0.411920 0.508617 0.612057 0.722523 0.839957 0.963944 1.093714 1.228148 1.365803 1.504952 1.643624 1.779670 1.910823 2.034769 2.149220 2.251986 2.341042 2.414597 2.471143 2.509507 2.528886 2.528871 2.509458 2.471053 2.414450 2.340815 2.251644 2.148714 2.034030 1.909758 1.778153 1.641488 1.501980 1.361715 1.222588 1.086240 0.954010 0.826903 0.705566 0.590281 0.480971 0.377222 0.278318 0.183286 0.090951 0.000000
0.000000 0.075578 0.152606 0.232470 0.316438 0.405599 0.500814 0.602669 0.711443 0.827079 0.949168 1.076952 1.209330 1.344879 1.481900 1.618452 1.752418 1.881566 2.003618 2.116320 2.217515 2.305210 2.377641 2.433322 2.471100 2.490183 2.490168 2.471053 2.433234 2.377496 2.304986 2.217178 2.115821 2.002890 1.880518 1.750925 1.616349 1.478974 1.340855 1.203856 1.069593 0.939387 0.814226 0.694748 0.581229 0.473594 0.371435 0.274048 0.180474 0.089555 0.000000
0.000000 0.073842 0.149099 0.227129 0.309169 0.396284 0.489314 0.588834 0.695114 0.808099 0.927392 1.052249 1.181595 1.314042 1.447926 1.581353 1.712254 1.838447 1.957707 2.067831 2.166711 2.252401 2.323174 2.377583 2.414497 2.433143 2.433128 2.414450 2.377496 2.323033 2.252182 2.166382 2.067344 1.956996 1.837423 1.710795 1.579299 1.445068 1.310110 1.176248 1.045060 0.917836 0.795543 0.678803 0.567887 0.462721 0.362907 0.267755 0.176329 0.087499 0.000000
0.000000 0.071583 0.144538 0.220182 0.299714 0.384166 0.474355 0.570835 0.673872 0.783410 0.899064 1.020114 1.145516 1.273926 1.403730 1.533092 1.660005 1.782354 1.897981 2.004751 2.100620 2.183700 2.252319 2.305070 2.340860 2.358939 2.358925 2.340815 2.304986 2.252182 2.183489 2.100301 2.004279 1.897293 1.781362 1.658591 1.531102 1.400960 1.270116 1.140334 1.013146 0.889802 0.771240 0.658062 0.550532 0.448577 0.351812 0.259568 0.170937 0.084823 0.000000
0.000000 0.068847 0.139015 0.211769 0.288264 0.369493 0.456240 0.549041 0.648149 0.753512 0.864760 0.981199 1.101826 1.225347 1.350210 1.474649 1.596732 1.714426 1.825654 1.928362 2.020585 2.100505 2.166513 2.217258 2.251687 2.269078 2.269065 2.251644 2.217178 2.166382 2.100301 2.020278 1.927909 1.824992 1.713472 1.595373 1.472735 1.347547 1.221684 1.096843 0.974499 0.855854 0.741810 0.632946 0.529516 0.431451 0.338378 0.249655 0.164408 0.081583 0.000000
0.000000 0.065690 0.132641 0.202060 0.275049 0.352557 0.435332 0.523886 0.618460 0.719004 0.825165 0.936282 1.051397 1.169275 1.288435 1.407190 1.523699 1.636019 1.742169 1.840189 1.928201 2.004473 2.067469 2.115898 2.148755 2.165353 2.165340 2.148714 2.115821 2.067344 2.004279 1.927909 1.839756 1.741538 1.635109 1.522403 1.405365 1.285895 1.165781 1.046645 0.929892 0.816670 0.707841 0.603957 0.505259 0.411683 0.322872 0.238214 0.156873 0.077844 0.000000
0.000000 0.062173 0.125539 0.191243 0.260327 0.333690 0.412040 0.495861 0.585383 0.680558 0.781052 0.886240 0.995213 1.106803 1.219608 1.332031 1.442328 1.548660 1.649152 1.741947 1.825269 1.897476 1.957115 2.002963 2.034070 2.049783 2.049770 2.034030 2.002890 1.956996 1.897293 1.824992 1.741538 1.648555 1.547800 1.441102 1.330304 1.217205 1.103497 0.990716 0.880193 0.773015 0.669995 0.571660 0.478235 0.389660 0.305598 0.225467 0.148478 0.073677 0.000000
0.000000 0.058362 0.117845 0.179523 0.244377 0.313248 0.386803 0.465497 0.549544 0.638902 0.733255 0.832017 0.934335 1.039111 1.145029 1.250590 1.354156 1.454000 1.548360 1.635493 1.713731 1.781534 1.837534 1.880586 1.909795 1.924549 1.924538 1.909758 1.880518 1.837423 1.781362 1.713472 1.635109 1.547800 1.453193 1.353006 1.248971 1.142775 1.036010 0.930116 0.826344 0.725713 0.628990 0.536666 0.448955 0.365799 0.286881 0.211656 0.139382 0.069164 0.000000
0.000000 0.054327 0.109699 0.167115 0.227488 0.291603 0.360081 0.433346 0.511597 0.594794 0.682644 0.774600 0.869870 0.967430 1.066055 1.164348 1.260785 1.353757 1.441622 1.522760 1.595614 1.658751 1.710899 1.750988 1.778187 1.791927 1.791916 1.778153 1.750925 1.710795 1.658591 1.595373 1.522403 1.441102 1.353006 1.259715 1.162842 1.063958 0.964545 0.865945 0.769321 0.675626 0.585570 0.499612 0.417951 0.340533 0.267063 0.197033 0.129752 0.064385 0.000000
0.000000 0.050139 0.101241 0.154232 0.209954 0.269132 0.332338 0.399964 0.472196 0.548996 0.630093 0.714982 0.802933 0.892999 0.984050 1.074796 1.163828 1.249663 1.330784 1.405694 1.472957 1.531249 1.579395 1.616408 1.641520 1.654205 1.654195 1.641488 1.616349 1.579299 1.531102 1.472735 1.405365 1.330304 1.248971 1.162842 1.073407 0.982116 0.890338 0.799312 0.710113 0.623619 0.540487 0.461139 0.385761 0.314301 0.246488 0.181851 0.119753 0.059423 0.000000
0.000000 0.045864 0.092611 0.141085 0.192060 0.246198 0.304024 0.365896 0.431983 0.502253 0.576456 0.654132 0.734610 0.817027 0.900345 0.983386 1.064860 1.143408 1.217644 1.286196 1.347750 1.401095 1.445155 1.479027 1.502009 1.513617 1.513608 1.501980 1.478974 1.445068 1.400960 1.347547 1.285895 1.217205 1.142775 1.063958 0.982116 0.898578 0.814594 0.731301 0.649681 0.570538 0.494473 0.421873 0.352907 0.287529 0.225489 0.166357 0.109548 0.054359 0.000000
0.000000 0.041568 0.083936 0.127871 0.174074 0.223147 0.275564 0.331651 0.391562 0.455266 0.522539 0.592962 0.665927 0.740651 0.816195 0.891488 0.965361 1.036582 1.103894 1.166053 1.221867 1.270238 1.310189 1.340903 1.361741 1.372268 1.372259 1.361715 1.340855 1.310110 1.270116 1.221684 1.165781 1.103497 1.036010 0.964545 0.890338 0.814594 0.738449 0.662930 0.588930 0.517177 0.448218 0.382402 0.319883 0.260618 0.204381 0.150783 0.099292 0.049269 0.000000
0.000000 0.037308 0.075335 0.114770 0.156241 0.200290 0.247343 0.297693 0.351478 0.408671 0.469069 0.532298 0.597811 0.664905 0.732736 0.800343 0.866676 0.930629 0.991072 1.046888 1.097008 1.140443 1.176319 1.203899 1.222612 1.232064 1.232057 1.222588 1.203856 1.176248 1.140334 1.096843 1.046645 0.990716 0.930116 0.865945 0.799312 0.731301 0.662930 0.595123 0.528682 0.464260 0.402349 0.343261 0.287136 0.233934 0.183452 0.135340 0.089122 0.044222 0.000000
0.000000 0.033135 0.066910 0.101935 0.138772 0.177899 0.219697 0.264425 0.312207 0.363019 0.416680 0.472858 0.531067 0.590683 0.650954 0.711028 0.769970 0.826799 0.880509 0.930108 0.974645 1.013243 1.045123 1.069632 1.086260 1.094660 1.094654 1.086240 1.069593 1.045060 1.013146 0.974499 0.929892 0.880193 0.826344 0.769321 0.710113 0.649681 0.588930 0.528682 0.469649 0.412412 0.357407 0.304913 0.255052 0.207790 0.162947 0.120211 0.079159 0.039278 0.000000
0.000000 0.029091 0.058743 0.089495 0.121838 0.156193 0.192896 0.232174 0.274135 0.318759 0.365887 0.415227 0.466353 0.518715 0.571654 0.624421 0.676195 0.726112 0.773291 0.816860 0.855982 0.889887 0.917891 0.939421 0.954028 0.961406 0.961401 0.954010 0.939387 0.917836 0.889802 0.855854 0.816670 0.773015 0.725713 0.675626 0.623619 0.570538 0.517177 0.464260 0.412412 0.362142 0.313835 0.267734 0.223948 0.182447 0.143071 0.105546 0.069501 0.034486 0.000000
0.000000 0.025205 0.050897 0.077543 0.105568 0.135339 0.167146 0.201186 0.237553 0.276229 0.317077 0.359844 0.404160 0.449549 0.495439 0.541180 0.586062 0.629335 0.670235 0.708004 0.741920 0.771313 0.795591 0.814255 0.826919 0.833315 0.833311 0.826903 0.814226 0.795543 0.771240 0.741810 0.707841 0.669995 0.628990 0.585570 0.540487 0.494473 0.448218 0.402349 0.357407 0.313835 0.271965 0.232010 0.194062 0.158095 0.123972 0.091455 0.060222 0.029882 0.000000
0.000000 0.021498 0.043413 0.066141 0.090047 0.115443 0.142577 0.171618 0.202646 0.235644 0.270498 0.306990 0.344805 0.383536 0.422697 0.461730 0.500031 0.536960 0.571863 0.604096 0.633040 0.658125 0.678844 0.694772 0.705580 0.711039 0.711035 0.705566 0.694748 0.678803 0.658062 0.632946 0.603957 0.571660 0.536666 0.499612 0.461139 0.421873 0.382402 0.343261 0.304913 0.267734 0.232010 0.197920 0.165544 0.134860 0.105750 0.078012 0.051369 0.025489 0.000000
0.000000 0.017979 0.036306 0.055315 0.075309 0.096551 0.119247 0.143539 0.169494 0.197100 0.226258 0.256788 0.288426 0.320831 0.353595 0.386255 0.418302 0.449201 0.478406 0.505376 0.529595 0.550584 0.567921 0.581249 0.590292 0.594860 0.594857 0.590281 0.581229 0.567887 0.550532 0.529516 0.505259 0.478235 0.448955 0.417951 0.385761 0.352907 0.319883 0.287136 0.255052 0.223948 0.194062 0.165544 0.138462 0.112795 0.088447 0.065246 0.042962 0.021317 0.000000
0.000000 0.014645 0.029573 0.045057 0.061344 0.078648 0.097138 0.116929 0.138076 0.160569 0.184327 0.209204 0.234983 0.261389 0.288089 0.314703 0.340818 0.365999 0.389798 0.411778 0.431514 0.448620 0.462748 0.473610 0.480980 0.484703 0.484700 0.480971 0.473594 0.462721 0.448577 0.431451 0.411683 0.389660 0.365799 0.340533 0.314301 0.287529 0.260618 0.233934 0.207790 0.182447 0.158095 0.134860 0.112795 0.091885 0.072049 0.053149 0.034996 0.017365 0.000000
0.000000 0.011482 0.023187 0.035328 0.048099 0.061668 0.076167 0.091687 0.108271 0.125911 0.144544 0.164055 0.184274 0.204986 0.225927 0.246802 0.267287 0.287038 0.305706 0.322946 0.338428 0.351845 0.362928 0.371448 0.377229 0.380149 0.380147 0.377222 0.371435 0.362907 0.351812 0.338378 0.322872 0.305598 0.286881 0.267063 0.246488 0.225489 0.204381 0.183452 0.162947 0.143071 0.123972 0.105750 0.088447 0.072049 0.056494 0.041674 0.027440 0.013615 0.000000
0.000000 0.008470 0.017103 0.026059 0.035480 0.045489 0.056186 0.067635 0.079870 0.092885 0.106632 0.121028 0.135946 0.151228 0.166680 0.182083 0.197198 0.211772 0.225547 0.238268 0.249692 0.259593 0.267771 0.274058 0.278323 0.280478 0.280477 0.278318 0.274048 0.267755 0.259568 0.249655 0.238214 0.225467 0.211656 0.197033 0.181851 0.166357 0.150783 0.135340 0.120211 0.105546 0.091455 0.078012 0.065246 0.053149 0.041674 0.030741 0.020241 0.010043 0.000000
0.000000 0.005577 0.011261 0.017158 0.023361 0.029952 0.036995 0.044535 0.052592 0.061162 0.070216 0.079696 0.089521 0.099585 0.109761 0.119905 0.129860 0.139458 0.148530 0.156909 0.164433 0.170953 0.176339 0.180480 0.183290 0.184709 0.184708 0.183286 0.180474 0.176329 0.170937 0.164408 0.156873 0.148478 0.139382 0.129752 0.119753 0.109548 0.099292 0.089122 0.079159 0.069501 0.060222 0.051369 0.042962 0.034996 0.027440 0.020241 0.013328 0.006613 0.000000
0.000000 0.002767 0.005587 0.008513 0.011591 0.014861 0.018356 0.022098 0.026096 0.030348 0.034841 0.039545 0.044420 0.049415 0.054464 0.059498 0.064438 0.069201 0.073704 0.077861 0.081595 0.084831 0.087504 0.089559 0.090953 0.091657 0.091657 0.090951 0.089555 0.087499 0.084823 0.081583 0.077844 0.073677 0.069164 0.064385 0.059423 0.054359 0.049269 0.044222 0.039278 0.034486 0.029882 0.025489 0.021317 0.017365 0.013615 0.010043 0.006613 0.003281 0.000000
0.000000 0.000000 0.000000 0.000000 0.000000 0.000000 0.000000 0.000000 0.000000 0.000000 0.000000 0.000000 0.000000 0.000000 0.000000 0.000000 0.000000 0.000000 0.000000 0.000000 0.000000 0.000000 0.000000 0.000000 0.000000 0.000000 0.000000 0.000000 0.000000 0.000000 0.000000 0.000000 0.000000 0.000000 0.000000 0.000000 0.000000 0.000000 0.000000 0.000000 0.000000 0.000000 0.000000 0.000000 0.000000 0.000000 0.000000 0.000000 0.000000 0.000000 0.000000