[要件定義]
・出力
次の出力が与えられる。
ここで、NX、NYは配列 f の要素数。
t_i(i = 1,2,3,...)は時間。
つまりt_i直下の二次元配列は、時刻t_iでの温度分布。
κは拡散定数。

なお、ターミナルへの出力では分かりやすくするために
"time:" や "NX:" などを出力しているが、
ファイルへの出力は上で述べた数値だけである。

```
NX NY κ
t1
f[0][0] f[0][1] ... f[0][NX-1]
f[1][0] f[1][1] ... f[1][NX-1]
・・・・・・・・・・・・・・・
f[NY-1][0] f[NY-1][1] ... f[NY-1][NX-1]
t2
f[0][0] f[0][1] ... f[0][NX-1]
f[1][0] f[1][1] ... f[1][NX-1]
・・・・・・・・・・・・・・・
f[NY-1][0] f[NY-1][1] ... f[NY-1][NX-1]
t3
f[0][0] f[0][1] ... f[0][NX-1]
f[1][0] f[1][1] ... f[1][NX-1]
・・・・・・・・・・・・・・・
f[NY-1][0] f[NY-1][1] ... f[NY-1][NX-1]
t4
・
・
・

```

これをもとに↓このサイトの一番下にあるような感じのアニメ（熱の拡散を色で表すやつ）を作ってほしい。
あと拡散定数κの値も表示してほしい
https://takun-physics.net/?p=7484

配列fが何を表すかは、、、温度とか？？
下の出力例を見ればすぐ分かると思う。真ん中に集まっていた熱が時間発展して2D上に拡散していっていますね。

11 11
0.000000
0.000000 0.000000 0.000000 0.000000 0.000000 0.000000 0.000000 0.000000 0.000000 0.000000 0.000000
0.000000 0.000000 0.000000 0.000000 0.000000 0.000000 0.000000 0.000000 0.000000 0.000000 0.000000
0.000000 0.000000 0.000000 0.000000 0.000000 0.000000 0.000000 0.000000 0.000000 0.000000 0.000000
0.000000 0.000000 0.000000 0.000000 0.000000 0.000000 0.000000 0.000000 0.000000 0.000000 0.000000
0.000000 0.000000 0.000000 0.000000 5.000000 5.000000 5.000000 5.000000 0.000000 0.000000 0.000000
0.000000 0.000000 0.000000 0.000000 5.000000 5.000000 5.000000 5.000000 0.000000 0.000000 0.000000
0.000000 0.000000 0.000000 0.000000 5.000000 5.000000 5.000000 5.000000 0.000000 0.000000 0.000000
0.000000 0.000000 0.000000 0.000000 5.000000 5.000000 5.000000 5.000000 0.000000 0.000000 0.000000
0.000000 0.000000 0.000000 0.000000 0.000000 0.000000 0.000000 0.000000 0.000000 0.000000 0.000000
0.000000 0.000000 0.000000 0.000000 0.000000 0.000000 0.000000 0.000000 0.000000 0.000000 0.000000
0.000000 0.000000 0.000000 0.000000 0.000000 0.000000 0.000000 0.000000 0.000000 0.000000 0.000000
0.002000
0.000000 0.000000 0.000000 0.000000 0.000000 0.000000 0.000000 0.000000 0.000000 0.000000 0.000000
0.000000 0.000000 0.000000 0.000000 0.000000 0.000000 0.000000 0.000000 0.000000 0.000000 0.000000
0.000000 0.000000 0.000000 0.000000 0.000000 0.000000 0.000000 0.000000 0.000000 0.000000 0.000000
0.000000 0.000000 0.000000 0.000000 1.000000 1.000000 1.000000 1.000000 0.000000 0.000000 0.000000
0.000000 0.000000 0.000000 1.000000 3.000000 4.000000 4.000000 3.000000 1.000000 0.000000 0.000000
0.000000 0.000000 0.000000 1.000000 4.000000 5.000000 5.000000 4.000000 1.000000 0.000000 0.000000
0.000000 0.000000 0.000000 1.000000 4.000000 5.000000 5.000000 4.000000 1.000000 0.000000 0.000000
0.000000 0.000000 0.000000 1.000000 3.000000 4.000000 4.000000 3.000000 1.000000 0.000000 0.000000
0.000000 0.000000 0.000000 0.000000 1.000000 1.000000 1.000000 1.000000 0.000000 0.000000 0.000000
0.000000 0.000000 0.000000 0.000000 0.000000 0.000000 0.000000 0.000000 0.000000 0.000000 0.000000
0.000000 0.000000 0.000000 0.000000 0.000000 0.000000 0.000000 0.000000 0.000000 0.000000 0.000000
0.004000
0.000000 0.000000 0.000000 0.000000 0.000000 0.000000 0.000000 0.000000 0.000000 0.000000 0.000000
0.000000 0.000000 0.000000 0.000000 0.000000 0.000000 0.000000 0.000000 0.000000 0.000000 0.000000
0.000000 0.000000 0.000000 0.000000 0.200000 0.200000 0.200000 0.200000 0.000000 0.000000 0.000000
0.000000 0.000000 0.000000 0.400000 1.000000 1.400000 1.400000 1.000000 0.400000 0.000000 0.000000
0.000000 0.000000 0.200000 1.000000 2.600000 3.400000 3.400000 2.600000 1.000000 0.200000 0.000000
0.000000 0.000000 0.200000 1.400000 3.400000 4.600000 4.600000 3.400000 1.400000 0.200000 0.000000
0.000000 0.000000 0.200000 1.400000 3.400000 4.600000 4.600000 3.400000 1.400000 0.200000 0.000000
0.000000 0.000000 0.200000 1.000000 2.600000 3.400000 3.400000 2.600000 1.000000 0.200000 0.000000
0.000000 0.000000 0.000000 0.400000 1.000000 1.400000 1.400000 1.000000 0.400000 0.000000 0.000000
0.000000 0.000000 0.000000 0.000000 0.200000 0.200000 0.200000 0.200000 0.000000 0.000000 0.000000
0.000000 0.000000 0.000000 0.000000 0.000000 0.000000 0.000000 0.000000 0.000000 0.000000 0.000000